83647
83646
83645
83644
83643
83642
83641
83640
83639
83638
83637
83636
83635
83634
83633
83632
83631
83630
83629
83628
83627
83626
83625
83624
83623
83622
83621
83620
83619
83618
83617
83616
83615
83614
83613
83612
83611
83610
83609
83608
83607
83606
83605
83604
83603
83602
83601
83600
83599
83598
83597
83596
83595
83594
83593
83592
83591
83590
83589
83588
83587
83586
83585
83584
83583
83582
83581
83580
83579
83578
83577
83576
83575
83574
83573
83572
83571
83570
83569
83568
83567
83566
83565
83564
83563
83562
83561
83560
83559
83558
83557
83556
83555
83554
83553
83552
83551
83550
83549
83548
0
